{
 "cells": [
  {
   "cell_type": "code",
   "execution_count": 3,
   "metadata": {},
   "outputs": [
    {
     "name": "stdout",
     "output_type": "stream",
     "text": [
      "[[6, 'Danny Torrances Finger'], [2, 'Leia Organa'], [3, 'Tony Stark'], [4, 'Ellen Ripley'], [5, 'J. Jonah Jameson'], [7, 'Danny Torrance'], [0, 'John Wick'], [1, 'Mike Wazowski'], [8, 'Mario Bru'], [9, 'Felipe Ferrero'], [10, 'Marc Pomar'], [11, 'Julio Porto'], [12, 'Chiquito de la Calzada'], [13, 'Javi Garzas'], [14, 'Clara'], [15, 'Joaquin'], [16, 'Toni Pons'], [17, 'Seora'], [18, 'Gandalf'], [19, 'Celia'], [20, 'Maria']]\n"
     ]
    }
   ],
   "source": [
    "import requests\n",
    "\n",
    "data = requests.get('http://localhost:8080/users').json()\n",
    "print(data)"
   ]
  },
  {
   "cell_type": "markdown",
   "metadata": {},
   "source": [
    "### Create User:"
   ]
  },
  {
   "cell_type": "code",
   "execution_count": 27,
   "metadata": {},
   "outputs": [
    {
     "name": "stdout",
     "output_type": "stream",
     "text": [
      "{'error': 'This name already exists! Try a new one ;)'}\n"
     ]
    }
   ],
   "source": [
    "new_name = {'name': 'Clarita'}\n",
    "userid = requests.post(\"http://localhost:8080/user/create\", data=new_name).json()\n",
    "print(userid)"
   ]
  },
  {
   "cell_type": "markdown",
   "metadata": {},
   "source": [
    "### Create chat:"
   ]
  },
  {
   "cell_type": "code",
   "execution_count": 9,
   "metadata": {},
   "outputs": [
    {
     "name": "stdout",
     "output_type": "stream",
     "text": [
      "{'chatid': 10}\n"
     ]
    }
   ],
   "source": [
    "chatid = requests.post(\"http://localhost:8080/chat/create\").json()\n",
    "print(chatid)"
   ]
  },
  {
   "cell_type": "markdown",
   "metadata": {},
   "source": [
    "### Add Message:"
   ]
  },
  {
   "cell_type": "code",
   "execution_count": 40,
   "metadata": {},
   "outputs": [
    {
     "data": {
      "text/plain": [
       "<Response [500]>"
      ]
     },
     "execution_count": 40,
     "metadata": {},
     "output_type": "execute_result"
    }
   ],
   "source": [
    "new_message = {'userid': 98, 'message': \"Probando\"}\n",
    "requests.post(\"http://localhost:8080/chat/28/addmessage\", data=new_message)"
   ]
  },
  {
   "cell_type": "markdown",
   "metadata": {},
   "source": [
    "### Get messages in chat:"
   ]
  },
  {
   "cell_type": "code",
   "execution_count": 5,
   "metadata": {},
   "outputs": [
    {
     "name": "stdout",
     "output_type": "stream",
     "text": [
      "[['Hey Mike, whats up??'], ['Dude!!! 😀️ Did you watch the game last night?'], ['No, had to work. How was it?'], ['Awesome! Boyander scored 3 goals!'], ['No way! 😮️'], ['Way...'], ['I bet people went crazy'], ['For sure. We stayed at KuboLoco until 6AM.'], ['Motherfucker! Hungover? 😵️'], ['Dead, burried and still suffering! \\U0001f92e️'], ['Paracetamol is your best friend :P'], ['Boyander is the fucking master!'], ['Lets go to have lunch']]\n"
     ]
    }
   ],
   "source": [
    "messages = requests.get('http://localhost:8080/chat/0/list').json()\n",
    "print(messages)"
   ]
  },
  {
   "cell_type": "markdown",
   "metadata": {},
   "source": [
    "### Get messages from user:"
   ]
  },
  {
   "cell_type": "code",
   "execution_count": 43,
   "metadata": {},
   "outputs": [
    {
     "name": "stdout",
     "output_type": "stream",
     "text": [
      "[['Hey Mike, whats up??'], ['No, had to work. How was it?'], ['No way! 😮️'], ['I bet people went crazy'], ['Motherfucker! Hungover? 😵️'], ['Sure, boss.'], ['I do! I just dont feel appreciated in my job'], ['I dunno...'], ['Maybe'], ['Thank you, boss! I feel much better...'], ['Paracetamol is your best friend :P']]\n"
     ]
    }
   ],
   "source": [
    "messages = requests.get('http://localhost:8080/user/0/listmessages').json()\n",
    "print(messages)"
   ]
  },
  {
   "cell_type": "markdown",
   "metadata": {},
   "source": [
    "### Sentiment analysis:"
   ]
  },
  {
   "cell_type": "code",
   "execution_count": 6,
   "metadata": {},
   "outputs": [
    {
     "name": "stderr",
     "output_type": "stream",
     "text": [
      "[nltk_data] Downloading package vader_lexicon to\n",
      "[nltk_data]     /home/mariobru/nltk_data...\n",
      "[nltk_data]   Package vader_lexicon is already up-to-date!\n"
     ]
    },
    {
     "data": {
      "text/plain": [
       "{'neg': 0.0, 'neu': 0.0, 'pos': 1.0, 'compound': 0.5719}"
      ]
     },
     "execution_count": 6,
     "metadata": {},
     "output_type": "execute_result"
    }
   ],
   "source": [
    "import nltk # install nltk\n",
    "nltk.download('vader_lexicon')\n",
    "from nltk.sentiment.vader import SentimentIntensityAnalyzer\n",
    "from textblob import TextBlob\n",
    "\n",
    "sid = SentimentIntensityAnalyzer()\n",
    "\n",
    "sid.polarity_scores(\"Happy\")"
   ]
  },
  {
   "cell_type": "code",
   "execution_count": 35,
   "metadata": {},
   "outputs": [],
   "source": [
    "polarity = 0\n",
    "subjectivity = 0\n",
    "for e in messages:\n",
    "\n",
    "    polarity += TextBlob(*e).sentiment[0]\n",
    "    subjectivity += TextBlob(*e).sentiment[1]"
   ]
  },
  {
   "cell_type": "code",
   "execution_count": 36,
   "metadata": {},
   "outputs": [
    {
     "name": "stdout",
     "output_type": "stream",
     "text": [
      "The polarity mean is 0.04423076923076925 and the subjectivity mean is 0.37478632478632473\n"
     ]
    }
   ],
   "source": [
    "polarity_mean = polarity/len(messages)\n",
    "subjectivity_mean = subjectivity/len(messages)\n",
    "\n",
    "print(\"The polarity mean is {} and the subjectivity mean is {}\".format(polarity_mean,subjectivity_mean))"
   ]
  },
  {
   "cell_type": "code",
   "execution_count": 37,
   "metadata": {},
   "outputs": [],
   "source": [
    "def chatSent(idchat):\n",
    "    id_chat = str(idchat)\n",
    "    URL = 'http://localhost:8080/chat/{}/list'.format(id_chat)\n",
    "    messages = requests.get(URL).json()\n",
    "    polarity = 0\n",
    "    subjectivity = 0\n",
    "    for e in messages:\n",
    "        polarity += TextBlob(*e).sentiment[0]\n",
    "        subjectivity += TextBlob(*e).sentiment[1]\n",
    "    polarity_mean = polarity/len(messages)\n",
    "    subjectivity_mean = subjectivity/len(messages)\n",
    "    return {'Polarity mean': polarity_mean, 'Subjectivity mean': subjectivity_mean}"
   ]
  },
  {
   "cell_type": "code",
   "execution_count": 39,
   "metadata": {},
   "outputs": [
    {
     "data": {
      "text/plain": [
       "{'Polarity mean': 0.04423076923076925,\n",
       " 'Subjectivity mean': 0.37478632478632473}"
      ]
     },
     "execution_count": 39,
     "metadata": {},
     "output_type": "execute_result"
    }
   ],
   "source": [
    "chatSent(0)"
   ]
  },
  {
   "cell_type": "markdown",
   "metadata": {},
   "source": [
    "### Recommendation"
   ]
  },
  {
   "cell_type": "code",
   "execution_count": 55,
   "metadata": {},
   "outputs": [],
   "source": [
    "import numpy as np\n",
    "import pandas as pd\n",
    "from sklearn.feature_extraction.text import CountVectorizer\n",
    "from sklearn.metrics.pairwise import cosine_similarity as distance"
   ]
  },
  {
   "cell_type": "code",
   "execution_count": 56,
   "metadata": {},
   "outputs": [
    {
     "name": "stdout",
     "output_type": "stream",
     "text": [
      "[[6, 'Danny Torrances Finger'], [2, 'Leia Organa'], [3, 'Tony Stark'], [4, 'Ellen Ripley'], [5, 'J. Jonah Jameson'], [0, 'John Wick'], [1, 'Mike Wazowski'], [8, 'Mario Bru'], [9, 'Felipe Ferrero'], [10, 'Marc Pomar'], [11, 'Julio Porto'], [12, 'Chiquito de la Calzada'], [13, 'Javi Garzas'], [14, 'Clara'], [7, 'Pepito de los palotes']]\n"
     ]
    }
   ],
   "source": [
    "data = requests.get('http://localhost:8080/users').json()\n",
    "print(data)"
   ]
  },
  {
   "cell_type": "code",
   "execution_count": 59,
   "metadata": {},
   "outputs": [
    {
     "name": "stdout",
     "output_type": "stream",
     "text": [
      "{'Danny Torrances Finger': 'REDRUM REDRUM REDRUM REDRUM Murder, bro, cold blooded splashy murderous fun A nice day to create havoc! Fishing sounds good. What about the labyrinth?', 'Leia Organa': 'Im so angry right now! Impossible! Cant do it! Just cant! He pissed me off so much. But how am I suposed to fix the facial recognition system if it doesnt even work? And who the hell is Tony? \\U0001f92f️ Oh shit. I think youre friends with my brother.', 'Tony Stark': 'I saw you this morning. You shouldnt get so upset. ❤️ Dont get so frustrated, Leia. Remember what German said. Im sure you will find a way. I am Iron Man Uh-Oh. Better fix that quickly.', 'Ellen Ripley': 'Not again, Michael.... 😒️ Im gonna report you to Human Resources again, Michael. Id rather have a fucking alien crawling out of my ass Ok, youve got to stop drinking! Im calling HR. Dude... Alcoholics Anonymous: https://www.aa.org', 'J. Jonah Jameson': 'I want pictures of Spiderman and I want them now! Youve got to take me seriously. Thats why youve got to get those damm pictures!! Get the god damn motherfucking fuckity fuck bloody ballsack pictures Youve got to! And I believe in you', 'John Wick': 'Hey Mike, whats up?? No, had to work. How was it? No way! 😮️ I bet people went crazy Motherfucker! Hungover? 😵️ Sure, boss. I do! I just dont feel appreciated in my job I dunno... Maybe Thank you, boss! I feel much better... Paracetamol is your best friend :P', 'Mike Wazowski': 'Dude!!! 😀️ Did you watch the game last night? Awesome! Boyander scored 3 goals! Way... For sure. We stayed at KuboLoco until 6AM. Dead, burried and still suffering! \\U0001f92e️ Sweety pie! How Ive longed to talk to you. Its Mike, honey bunny. Or doctor LOVE! And youre a sick little girl. Cant handle me on your own? That would be hot... 🔥️ I NEED VODKA LIKE A CAR NEEDS GAS', 'Mario Bru': 'I dont agree. Elche is more beautiful! I know!', 'Felipe Ferrero': 'My name is Felipe and I am the party TA!!', 'Marc Pomar': 'Welcome the the Ironhack chat!', 'Julio Porto': 'Lets go to have lunch I think then I exist, like Descartes said.', 'Chiquito de la Calzada': 'I cant, sinner!! that horse that comes from bonanza', 'Javi Garzas': 'Boyander is the fucking master! Can somebody fix my laptop, please?', 'Clara': 'Malaga is the most beautiful city in the world. You are right Mario, lets got to have dinner. I love Malaga, is the best city in the world!', 'Pepito de los palotes': 'What was that? Did you mean red room? Id love a red room. Chill out, pinky.. Its such a nice day Ill go for a walk in the park, I guess. Maybe fishing No! That places creeps me out..'}\n"
     ]
    }
   ],
   "source": [
    "docs = dict()\n",
    "for u in data:\n",
    "    messages = requests.get('http://localhost:8080/user/{}/messages'.format(u[0])).json()\n",
    "    mestring = ' '.join([data for ele in messages for data in ele])\n",
    "    docs.update({u[1]:mestring})\n",
    "    \n",
    "print(docs)"
   ]
  },
  {
   "cell_type": "code",
   "execution_count": 60,
   "metadata": {},
   "outputs": [
    {
     "data": {
      "text/plain": [
       "<15x249 sparse matrix of type '<class 'numpy.int64'>'\n",
       "\twith 352 stored elements in Compressed Sparse Row format>"
      ]
     },
     "execution_count": 60,
     "metadata": {},
     "output_type": "execute_result"
    }
   ],
   "source": [
    "# Create the Document Term Matrix\n",
    "count_vectorizer = CountVectorizer()\n",
    "sparse_matrix = count_vectorizer.fit_transform(docs.values())\n",
    "sparse_matrix"
   ]
  },
  {
   "cell_type": "code",
   "execution_count": 61,
   "metadata": {},
   "outputs": [],
   "source": [
    "# Convert Sparse Matrix to Pandas Dataframe if you want to see the word frequencies.\n",
    "doc_term_matrix = sparse_matrix.todense()\n",
    "df = pd.DataFrame(doc_term_matrix, \n",
    "                  columns=count_vectorizer.get_feature_names(), \n",
    "                  index=docs.keys())"
   ]
  },
  {
   "cell_type": "code",
   "execution_count": null,
   "metadata": {},
   "outputs": [],
   "source": []
  },
  {
   "cell_type": "code",
   "execution_count": 62,
   "metadata": {},
   "outputs": [
    {
     "name": "stdout",
     "output_type": "stream",
     "text": [
      "[[1.         0.06900656 0.02577696 0.04984448 0.0808122  0.0243975\n",
      "  0.06104677 0.         0.05634362 0.12777531 0.05096472 0.\n",
      "  0.05096472 0.12073632 0.12888482]\n",
      " [0.06900656 1.         0.16601942 0.10032154 0.14638501 0.19641855\n",
      "  0.18020684 0.05143445 0.27216553 0.2057378  0.08206099 0.0860663\n",
      "  0.20515248 0.23328474 0.06225728]\n",
      " [0.02577696 0.16601942 1.         0.11242344 0.12758946 0.15407891\n",
      "  0.16522803 0.05763904 0.05083286 0.         0.04598005 0.09644856\n",
      "  0.04598005 0.06535653 0.13953488]\n",
      " [0.04984448 0.10032154 0.11242344 1.         0.24671758 0.08512565\n",
      "  0.12424948 0.         0.04914732 0.         0.13336627 0.\n",
      "  0.08891084 0.10531568 0.08993875]\n",
      " [0.0808122  0.14638501 0.12758946 0.24671758 1.         0.08625819\n",
      "  0.20144406 0.         0.11952286 0.09035079 0.1081125  0.\n",
      "  0.0360375  0.22197103 0.07290826]\n",
      " [0.0243975  0.19641855 0.15407891 0.08512565 0.08625819 1.\n",
      "  0.15638581 0.10910895 0.09622504 0.         0.04351941 0.\n",
      "  0.08703883 0.14433757 0.13206764]\n",
      " [0.06104677 0.18020684 0.16522803 0.12424948 0.20144406 0.15638581\n",
      "  1.         0.         0.12038585 0.09100315 0.1088931  0.11420805\n",
      "  0.0725954  0.15478181 0.1835867 ]\n",
      " [0.         0.05143445 0.05763904 0.         0.         0.10910895\n",
      "  0.         1.         0.12598816 0.         0.         0.\n",
      "  0.11396058 0.16198477 0.        ]\n",
      " [0.05634362 0.27216553 0.05083286 0.04914732 0.11952286 0.09622504\n",
      "  0.12038585 0.12598816 1.         0.25197632 0.         0.\n",
      "  0.30151134 0.28571429 0.05083286]\n",
      " [0.12777531 0.2057378  0.         0.         0.09035079 0.\n",
      "  0.09100315 0.         0.25197632 1.         0.         0.\n",
      "  0.22792115 0.4319594  0.11527808]\n",
      " [0.05096472 0.08206099 0.04598005 0.13336627 0.1081125  0.04351941\n",
      "  0.1088931  0.         0.         0.         1.         0.\n",
      "  0.         0.12921915 0.04598005]\n",
      " [0.         0.0860663  0.09644856 0.         0.         0.\n",
      "  0.11420805 0.         0.         0.         0.         1.\n",
      "  0.         0.         0.19289713]\n",
      " [0.05096472 0.20515248 0.04598005 0.08891084 0.0360375  0.08703883\n",
      "  0.0725954  0.11396058 0.30151134 0.22792115 0.         0.\n",
      "  1.         0.2584383  0.04598005]\n",
      " [0.12073632 0.23328474 0.06535653 0.10531568 0.22197103 0.14433757\n",
      "  0.15478181 0.16198477 0.28571429 0.4319594  0.12921915 0.\n",
      "  0.2584383  1.         0.17428408]\n",
      " [0.12888482 0.06225728 0.13953488 0.08993875 0.07290826 0.13206764\n",
      "  0.1835867  0.         0.05083286 0.11527808 0.04598005 0.19289713\n",
      "  0.04598005 0.17428408 1.        ]]\n"
     ]
    }
   ],
   "source": [
    "# Compute Cosine Similarity matrix (or selected distance)\n",
    "similarity_matrix = distance(df, df)\n",
    "print(similarity_matrix)"
   ]
  },
  {
   "cell_type": "code",
   "execution_count": 63,
   "metadata": {},
   "outputs": [
    {
     "data": {
      "text/html": [
       "<div>\n",
       "<style scoped>\n",
       "    .dataframe tbody tr th:only-of-type {\n",
       "        vertical-align: middle;\n",
       "    }\n",
       "\n",
       "    .dataframe tbody tr th {\n",
       "        vertical-align: top;\n",
       "    }\n",
       "\n",
       "    .dataframe thead th {\n",
       "        text-align: right;\n",
       "    }\n",
       "</style>\n",
       "<table border=\"1\" class=\"dataframe\">\n",
       "  <thead>\n",
       "    <tr style=\"text-align: right;\">\n",
       "      <th></th>\n",
       "      <th>Danny Torrances Finger</th>\n",
       "      <th>Leia Organa</th>\n",
       "      <th>Tony Stark</th>\n",
       "      <th>Ellen Ripley</th>\n",
       "      <th>J. Jonah Jameson</th>\n",
       "      <th>John Wick</th>\n",
       "      <th>Mike Wazowski</th>\n",
       "      <th>Mario Bru</th>\n",
       "      <th>Felipe Ferrero</th>\n",
       "      <th>Marc Pomar</th>\n",
       "      <th>Julio Porto</th>\n",
       "      <th>Chiquito de la Calzada</th>\n",
       "      <th>Javi Garzas</th>\n",
       "      <th>Clara</th>\n",
       "      <th>Pepito de los palotes</th>\n",
       "    </tr>\n",
       "  </thead>\n",
       "  <tbody>\n",
       "    <tr>\n",
       "      <th>Danny Torrances Finger</th>\n",
       "      <td>1.000000</td>\n",
       "      <td>0.069007</td>\n",
       "      <td>0.025777</td>\n",
       "      <td>0.049844</td>\n",
       "      <td>0.080812</td>\n",
       "      <td>0.024398</td>\n",
       "      <td>0.061047</td>\n",
       "      <td>0.000000</td>\n",
       "      <td>0.056344</td>\n",
       "      <td>0.127775</td>\n",
       "      <td>0.050965</td>\n",
       "      <td>0.000000</td>\n",
       "      <td>0.050965</td>\n",
       "      <td>0.120736</td>\n",
       "      <td>0.128885</td>\n",
       "    </tr>\n",
       "    <tr>\n",
       "      <th>Leia Organa</th>\n",
       "      <td>0.069007</td>\n",
       "      <td>1.000000</td>\n",
       "      <td>0.166019</td>\n",
       "      <td>0.100322</td>\n",
       "      <td>0.146385</td>\n",
       "      <td>0.196419</td>\n",
       "      <td>0.180207</td>\n",
       "      <td>0.051434</td>\n",
       "      <td>0.272166</td>\n",
       "      <td>0.205738</td>\n",
       "      <td>0.082061</td>\n",
       "      <td>0.086066</td>\n",
       "      <td>0.205152</td>\n",
       "      <td>0.233285</td>\n",
       "      <td>0.062257</td>\n",
       "    </tr>\n",
       "    <tr>\n",
       "      <th>Tony Stark</th>\n",
       "      <td>0.025777</td>\n",
       "      <td>0.166019</td>\n",
       "      <td>1.000000</td>\n",
       "      <td>0.112423</td>\n",
       "      <td>0.127589</td>\n",
       "      <td>0.154079</td>\n",
       "      <td>0.165228</td>\n",
       "      <td>0.057639</td>\n",
       "      <td>0.050833</td>\n",
       "      <td>0.000000</td>\n",
       "      <td>0.045980</td>\n",
       "      <td>0.096449</td>\n",
       "      <td>0.045980</td>\n",
       "      <td>0.065357</td>\n",
       "      <td>0.139535</td>\n",
       "    </tr>\n",
       "    <tr>\n",
       "      <th>Ellen Ripley</th>\n",
       "      <td>0.049844</td>\n",
       "      <td>0.100322</td>\n",
       "      <td>0.112423</td>\n",
       "      <td>1.000000</td>\n",
       "      <td>0.246718</td>\n",
       "      <td>0.085126</td>\n",
       "      <td>0.124249</td>\n",
       "      <td>0.000000</td>\n",
       "      <td>0.049147</td>\n",
       "      <td>0.000000</td>\n",
       "      <td>0.133366</td>\n",
       "      <td>0.000000</td>\n",
       "      <td>0.088911</td>\n",
       "      <td>0.105316</td>\n",
       "      <td>0.089939</td>\n",
       "    </tr>\n",
       "    <tr>\n",
       "      <th>J. Jonah Jameson</th>\n",
       "      <td>0.080812</td>\n",
       "      <td>0.146385</td>\n",
       "      <td>0.127589</td>\n",
       "      <td>0.246718</td>\n",
       "      <td>1.000000</td>\n",
       "      <td>0.086258</td>\n",
       "      <td>0.201444</td>\n",
       "      <td>0.000000</td>\n",
       "      <td>0.119523</td>\n",
       "      <td>0.090351</td>\n",
       "      <td>0.108112</td>\n",
       "      <td>0.000000</td>\n",
       "      <td>0.036037</td>\n",
       "      <td>0.221971</td>\n",
       "      <td>0.072908</td>\n",
       "    </tr>\n",
       "    <tr>\n",
       "      <th>John Wick</th>\n",
       "      <td>0.024398</td>\n",
       "      <td>0.196419</td>\n",
       "      <td>0.154079</td>\n",
       "      <td>0.085126</td>\n",
       "      <td>0.086258</td>\n",
       "      <td>1.000000</td>\n",
       "      <td>0.156386</td>\n",
       "      <td>0.109109</td>\n",
       "      <td>0.096225</td>\n",
       "      <td>0.000000</td>\n",
       "      <td>0.043519</td>\n",
       "      <td>0.000000</td>\n",
       "      <td>0.087039</td>\n",
       "      <td>0.144338</td>\n",
       "      <td>0.132068</td>\n",
       "    </tr>\n",
       "    <tr>\n",
       "      <th>Mike Wazowski</th>\n",
       "      <td>0.061047</td>\n",
       "      <td>0.180207</td>\n",
       "      <td>0.165228</td>\n",
       "      <td>0.124249</td>\n",
       "      <td>0.201444</td>\n",
       "      <td>0.156386</td>\n",
       "      <td>1.000000</td>\n",
       "      <td>0.000000</td>\n",
       "      <td>0.120386</td>\n",
       "      <td>0.091003</td>\n",
       "      <td>0.108893</td>\n",
       "      <td>0.114208</td>\n",
       "      <td>0.072595</td>\n",
       "      <td>0.154782</td>\n",
       "      <td>0.183587</td>\n",
       "    </tr>\n",
       "    <tr>\n",
       "      <th>Mario Bru</th>\n",
       "      <td>0.000000</td>\n",
       "      <td>0.051434</td>\n",
       "      <td>0.057639</td>\n",
       "      <td>0.000000</td>\n",
       "      <td>0.000000</td>\n",
       "      <td>0.109109</td>\n",
       "      <td>0.000000</td>\n",
       "      <td>1.000000</td>\n",
       "      <td>0.125988</td>\n",
       "      <td>0.000000</td>\n",
       "      <td>0.000000</td>\n",
       "      <td>0.000000</td>\n",
       "      <td>0.113961</td>\n",
       "      <td>0.161985</td>\n",
       "      <td>0.000000</td>\n",
       "    </tr>\n",
       "    <tr>\n",
       "      <th>Felipe Ferrero</th>\n",
       "      <td>0.056344</td>\n",
       "      <td>0.272166</td>\n",
       "      <td>0.050833</td>\n",
       "      <td>0.049147</td>\n",
       "      <td>0.119523</td>\n",
       "      <td>0.096225</td>\n",
       "      <td>0.120386</td>\n",
       "      <td>0.125988</td>\n",
       "      <td>1.000000</td>\n",
       "      <td>0.251976</td>\n",
       "      <td>0.000000</td>\n",
       "      <td>0.000000</td>\n",
       "      <td>0.301511</td>\n",
       "      <td>0.285714</td>\n",
       "      <td>0.050833</td>\n",
       "    </tr>\n",
       "    <tr>\n",
       "      <th>Marc Pomar</th>\n",
       "      <td>0.127775</td>\n",
       "      <td>0.205738</td>\n",
       "      <td>0.000000</td>\n",
       "      <td>0.000000</td>\n",
       "      <td>0.090351</td>\n",
       "      <td>0.000000</td>\n",
       "      <td>0.091003</td>\n",
       "      <td>0.000000</td>\n",
       "      <td>0.251976</td>\n",
       "      <td>1.000000</td>\n",
       "      <td>0.000000</td>\n",
       "      <td>0.000000</td>\n",
       "      <td>0.227921</td>\n",
       "      <td>0.431959</td>\n",
       "      <td>0.115278</td>\n",
       "    </tr>\n",
       "    <tr>\n",
       "      <th>Julio Porto</th>\n",
       "      <td>0.050965</td>\n",
       "      <td>0.082061</td>\n",
       "      <td>0.045980</td>\n",
       "      <td>0.133366</td>\n",
       "      <td>0.108112</td>\n",
       "      <td>0.043519</td>\n",
       "      <td>0.108893</td>\n",
       "      <td>0.000000</td>\n",
       "      <td>0.000000</td>\n",
       "      <td>0.000000</td>\n",
       "      <td>1.000000</td>\n",
       "      <td>0.000000</td>\n",
       "      <td>0.000000</td>\n",
       "      <td>0.129219</td>\n",
       "      <td>0.045980</td>\n",
       "    </tr>\n",
       "    <tr>\n",
       "      <th>Chiquito de la Calzada</th>\n",
       "      <td>0.000000</td>\n",
       "      <td>0.086066</td>\n",
       "      <td>0.096449</td>\n",
       "      <td>0.000000</td>\n",
       "      <td>0.000000</td>\n",
       "      <td>0.000000</td>\n",
       "      <td>0.114208</td>\n",
       "      <td>0.000000</td>\n",
       "      <td>0.000000</td>\n",
       "      <td>0.000000</td>\n",
       "      <td>0.000000</td>\n",
       "      <td>1.000000</td>\n",
       "      <td>0.000000</td>\n",
       "      <td>0.000000</td>\n",
       "      <td>0.192897</td>\n",
       "    </tr>\n",
       "    <tr>\n",
       "      <th>Javi Garzas</th>\n",
       "      <td>0.050965</td>\n",
       "      <td>0.205152</td>\n",
       "      <td>0.045980</td>\n",
       "      <td>0.088911</td>\n",
       "      <td>0.036037</td>\n",
       "      <td>0.087039</td>\n",
       "      <td>0.072595</td>\n",
       "      <td>0.113961</td>\n",
       "      <td>0.301511</td>\n",
       "      <td>0.227921</td>\n",
       "      <td>0.000000</td>\n",
       "      <td>0.000000</td>\n",
       "      <td>1.000000</td>\n",
       "      <td>0.258438</td>\n",
       "      <td>0.045980</td>\n",
       "    </tr>\n",
       "    <tr>\n",
       "      <th>Clara</th>\n",
       "      <td>0.120736</td>\n",
       "      <td>0.233285</td>\n",
       "      <td>0.065357</td>\n",
       "      <td>0.105316</td>\n",
       "      <td>0.221971</td>\n",
       "      <td>0.144338</td>\n",
       "      <td>0.154782</td>\n",
       "      <td>0.161985</td>\n",
       "      <td>0.285714</td>\n",
       "      <td>0.431959</td>\n",
       "      <td>0.129219</td>\n",
       "      <td>0.000000</td>\n",
       "      <td>0.258438</td>\n",
       "      <td>1.000000</td>\n",
       "      <td>0.174284</td>\n",
       "    </tr>\n",
       "    <tr>\n",
       "      <th>Pepito de los palotes</th>\n",
       "      <td>0.128885</td>\n",
       "      <td>0.062257</td>\n",
       "      <td>0.139535</td>\n",
       "      <td>0.089939</td>\n",
       "      <td>0.072908</td>\n",
       "      <td>0.132068</td>\n",
       "      <td>0.183587</td>\n",
       "      <td>0.000000</td>\n",
       "      <td>0.050833</td>\n",
       "      <td>0.115278</td>\n",
       "      <td>0.045980</td>\n",
       "      <td>0.192897</td>\n",
       "      <td>0.045980</td>\n",
       "      <td>0.174284</td>\n",
       "      <td>1.000000</td>\n",
       "    </tr>\n",
       "  </tbody>\n",
       "</table>\n",
       "</div>"
      ],
      "text/plain": [
       "                        Danny Torrances Finger  Leia Organa  Tony Stark  \\\n",
       "Danny Torrances Finger                1.000000     0.069007    0.025777   \n",
       "Leia Organa                           0.069007     1.000000    0.166019   \n",
       "Tony Stark                            0.025777     0.166019    1.000000   \n",
       "Ellen Ripley                          0.049844     0.100322    0.112423   \n",
       "J. Jonah Jameson                      0.080812     0.146385    0.127589   \n",
       "John Wick                             0.024398     0.196419    0.154079   \n",
       "Mike Wazowski                         0.061047     0.180207    0.165228   \n",
       "Mario Bru                             0.000000     0.051434    0.057639   \n",
       "Felipe Ferrero                        0.056344     0.272166    0.050833   \n",
       "Marc Pomar                            0.127775     0.205738    0.000000   \n",
       "Julio Porto                           0.050965     0.082061    0.045980   \n",
       "Chiquito de la Calzada                0.000000     0.086066    0.096449   \n",
       "Javi Garzas                           0.050965     0.205152    0.045980   \n",
       "Clara                                 0.120736     0.233285    0.065357   \n",
       "Pepito de los palotes                 0.128885     0.062257    0.139535   \n",
       "\n",
       "                        Ellen Ripley  J. Jonah Jameson  John Wick  \\\n",
       "Danny Torrances Finger      0.049844          0.080812   0.024398   \n",
       "Leia Organa                 0.100322          0.146385   0.196419   \n",
       "Tony Stark                  0.112423          0.127589   0.154079   \n",
       "Ellen Ripley                1.000000          0.246718   0.085126   \n",
       "J. Jonah Jameson            0.246718          1.000000   0.086258   \n",
       "John Wick                   0.085126          0.086258   1.000000   \n",
       "Mike Wazowski               0.124249          0.201444   0.156386   \n",
       "Mario Bru                   0.000000          0.000000   0.109109   \n",
       "Felipe Ferrero              0.049147          0.119523   0.096225   \n",
       "Marc Pomar                  0.000000          0.090351   0.000000   \n",
       "Julio Porto                 0.133366          0.108112   0.043519   \n",
       "Chiquito de la Calzada      0.000000          0.000000   0.000000   \n",
       "Javi Garzas                 0.088911          0.036037   0.087039   \n",
       "Clara                       0.105316          0.221971   0.144338   \n",
       "Pepito de los palotes       0.089939          0.072908   0.132068   \n",
       "\n",
       "                        Mike Wazowski  Mario Bru  Felipe Ferrero  Marc Pomar  \\\n",
       "Danny Torrances Finger       0.061047   0.000000        0.056344    0.127775   \n",
       "Leia Organa                  0.180207   0.051434        0.272166    0.205738   \n",
       "Tony Stark                   0.165228   0.057639        0.050833    0.000000   \n",
       "Ellen Ripley                 0.124249   0.000000        0.049147    0.000000   \n",
       "J. Jonah Jameson             0.201444   0.000000        0.119523    0.090351   \n",
       "John Wick                    0.156386   0.109109        0.096225    0.000000   \n",
       "Mike Wazowski                1.000000   0.000000        0.120386    0.091003   \n",
       "Mario Bru                    0.000000   1.000000        0.125988    0.000000   \n",
       "Felipe Ferrero               0.120386   0.125988        1.000000    0.251976   \n",
       "Marc Pomar                   0.091003   0.000000        0.251976    1.000000   \n",
       "Julio Porto                  0.108893   0.000000        0.000000    0.000000   \n",
       "Chiquito de la Calzada       0.114208   0.000000        0.000000    0.000000   \n",
       "Javi Garzas                  0.072595   0.113961        0.301511    0.227921   \n",
       "Clara                        0.154782   0.161985        0.285714    0.431959   \n",
       "Pepito de los palotes        0.183587   0.000000        0.050833    0.115278   \n",
       "\n",
       "                        Julio Porto  Chiquito de la Calzada  Javi Garzas  \\\n",
       "Danny Torrances Finger     0.050965                0.000000     0.050965   \n",
       "Leia Organa                0.082061                0.086066     0.205152   \n",
       "Tony Stark                 0.045980                0.096449     0.045980   \n",
       "Ellen Ripley               0.133366                0.000000     0.088911   \n",
       "J. Jonah Jameson           0.108112                0.000000     0.036037   \n",
       "John Wick                  0.043519                0.000000     0.087039   \n",
       "Mike Wazowski              0.108893                0.114208     0.072595   \n",
       "Mario Bru                  0.000000                0.000000     0.113961   \n",
       "Felipe Ferrero             0.000000                0.000000     0.301511   \n",
       "Marc Pomar                 0.000000                0.000000     0.227921   \n",
       "Julio Porto                1.000000                0.000000     0.000000   \n",
       "Chiquito de la Calzada     0.000000                1.000000     0.000000   \n",
       "Javi Garzas                0.000000                0.000000     1.000000   \n",
       "Clara                      0.129219                0.000000     0.258438   \n",
       "Pepito de los palotes      0.045980                0.192897     0.045980   \n",
       "\n",
       "                           Clara  Pepito de los palotes  \n",
       "Danny Torrances Finger  0.120736               0.128885  \n",
       "Leia Organa             0.233285               0.062257  \n",
       "Tony Stark              0.065357               0.139535  \n",
       "Ellen Ripley            0.105316               0.089939  \n",
       "J. Jonah Jameson        0.221971               0.072908  \n",
       "John Wick               0.144338               0.132068  \n",
       "Mike Wazowski           0.154782               0.183587  \n",
       "Mario Bru               0.161985               0.000000  \n",
       "Felipe Ferrero          0.285714               0.050833  \n",
       "Marc Pomar              0.431959               0.115278  \n",
       "Julio Porto             0.129219               0.045980  \n",
       "Chiquito de la Calzada  0.000000               0.192897  \n",
       "Javi Garzas             0.258438               0.045980  \n",
       "Clara                   1.000000               0.174284  \n",
       "Pepito de los palotes   0.174284               1.000000  "
      ]
     },
     "metadata": {},
     "output_type": "display_data"
    },
    {
     "data": {
      "text/plain": [
       "<matplotlib.axes._subplots.AxesSubplot at 0x7fe58ce10780>"
      ]
     },
     "execution_count": 63,
     "metadata": {},
     "output_type": "execute_result"
    },
    {
     "data": {
